                    [38;2;54;55;55m⢀[38;2;55;56;55m⢀ [38;2;73;74;70m⢀[38;2;70;70;67m⣀[38;2;60;59;55m⢀[38;2;54;49;44m⢀[38;2;63;57;52m⢀[38;2;59;54;47m⢀                              [39m
                  [38;2;90;83;77m⢀[38;2;89;86;79m⢾[38;2;72;74;72m⠏[38;2;91;87;78m⣼[38;2;82;78;71m⡻[38;2;75;70;64m⠬[38;2;71;67;61m⠓[38;2;74;68;61m⢳[38;2;71;65;56m⠮[38;2;84;79;68m⢶[38;2;90;84;73m⠾[38;2;100;94;83m⣷[38;2;118;113;101m⣶[38;2;111;106;96m⣶[38;2;95;90;82m⣤[38;2;77;76;75m⣢[38;2;92;89;83m⡀                        [39m
                 [38;2;52;53;49m⢀[38;2;69;69;67m⠂[38;2;69;64;55m⠸[38;2;79;74;65m⠈[38;2;69;68;62m⠉[38;2;54;49;46m⠈[38;2;47;40;37m⠁[38;2;38;33;25m⠈[38;2;42;35;28m⢀[38;2;48;42;31m⠈[38;2;51;44;35m⠄[38;2;73;69;57m⢬[38;2;79;73;62m⠌[38;2;91;85;74m⠿[38;2;84;77;65m⡿[38;2;94;87;72m⠿[38;2;118;108;93m⠿[38;2;127;118;102m⣿[38;2;122;112;99m⣦[38;2;94;87;75m⣄[38;2;71;68;64m⣀[38;2;72;71;65m⣀[38;2;80;79;74m⡀                   [39m
              [38;2;41;42;46m⢀[38;2;40;45;48m⠄[38;2;33;35;37m⠄[38;2;25;24;22m⠄[38;2;59;56;54m⠈[38;2;21;16;12m⠁[38;2;18;13;9m⠁[38;2;20;16;12m⠁[38;2;29;20;17m⢀[38;2;21;16;12m⠁[38;2;22;17;11m⠈[38;2;28;22;16m⠈[38;2;42;35;26m⠈[38;2;69;65;59m⢀[38;2;68;68;59m⠌[38;2;57;55;47m⠃[38;2;60;53;46m⠈[38;2;64;57;50m⠑[38;2;83;75;65m⠻⠛[38;2;71;63;53m⠊[38;2;96;86;72m⠻[38;2;116;104;89m⡿[38;2;129;117;100m⣿[38;2;127;118;102m⣿[38;2;130;122;107m⣿[38;2;106;101;90m⣦[38;2;68;75;69m⡀                 [39m
              [38;2;35;33;36m⠁[38;2;32;31;28m⢀[38;2;39;36;30m⠂[38;2;36;31;24m⠄[38;2;17;12;9m⠄[38;2;12;8;5m⢀[38;2;16;11;8m⢀⢀[38;2;28;21;15m⠂[38;2;46;40;27m⠂[38;2;43;38;32m⠂[38;2;43;36;29m⠄[38;2;47;43;39m⠈[38;2;36;29;24m⠁[38;2;11;7;4m⠁[38;2;27;21;17m⠈[38;2;38;30;24m⠈[38;2;39;33;27m⠈[38;2;48;39;32m⢀[38;2;49;41;30m⢀[38;2;56;47;38m⠄[38;2;73;62;50m⠉[38;2;89;77;63m⢾[38;2;108;96;81m⣿[38;2;134;123;106m⣿[38;2;150;138;121m⣿[38;2;169;157;138m⣿[38;2;113;107;94m⣷[38;2;27;30;39m⠂                [39m
             [38;2;11;8;4m⢀[38;2;19;13;9m⢀[38;2;27;22;18m⠂[38;2;31;26;20m⠁[38;2;25;20;14m⠁[38;2;11;6;3m⠁[38;2;13;9;8m⠂[38;2;14;10;7m⠁[38;2;16;11;8m⢀[38;2;24;16;13m⢀[38;2;25;17;14m⠂[38;2;43;37;30m⢀[38;2;55;49;44m⠄[38;2;53;46;41m⠁[38;2;12;8;6m⠁[38;2;16;11;7m⢀[38;2;23;15;12m⢀[38;2;32;23;16m⢀[38;2;36;29;21m⠈[38;2;43;29;21m⢀[38;2;57;45;32m⠄[38;2;80;68;57m⠳[38;2;92;78;66m⠿[38;2;108;93;80m⣷[38;2;114;97;83m⣿[38;2;118;103;88m⣿[38;2;126;112;99m⡿[38;2;134;118;105m⣻[38;2;135;118;101m⣿[38;2;85;76;69m⣇                [39m
            [38;2;14;7;7m⢀[38;2;10;6;5m⠄[38;2;12;9;8m⠄[38;2;10;6;5m⠁⠈[38;2;9;5;4m⠁[38;2;8;4;3m⢀[38;2;14;9;6m⢀[38;2;16;12;8m⠄[38;2;25;17;14m⠂[38;2;26;20;16m⠁[38;2;18;13;9m⠁[38;2;28;20;17m⠁[38;2;28;23;20m⠁[38;2;17;12;9m⠁[38;2;19;11;6m⢀[38;2;23;12;7m⢀[38;2;37;23;14m⢀[38;2;63;50;38m⢀[38;2;75;61;52m⠄[38;2;90;71;57m⣴[38;2;104;89;74m⣿[38;2;128;110;95m⣿[38;2;157;137;123m⣿[38;2;169;149;138m⣿[38;2;170;148;139m⣿[38;2;181;164;155m⣿[38;2;175;156;146m⣿[38;2;140;117;104m⣦[38;2;97;76;63m⠜[38;2;109;94;79m⣿[38;2;89;81;72m⣄               [39m
          [38;2;6;6;5m⢀[38;2;11;6;3m⢀[38;2;15;7;8m⠂[38;2;14;9;6m⠈[38;2;10;6;5m⠈[38;2;9;5;4m⠂⠁[38;2;7;3;2m⠈[38;2;9;5;4m⠈[38;2;17;12;9m⠈[38;2;14;9;6m⠁[38;2;17;9;6m⢀[38;2;14;9;6m⢀[38;2;20;12;9m⢀[38;2;16;8;6m⠂[38;2;22;15;8m⢀[38;2;26;17;15m⠂[38;2;28;16;9m⢀[38;2;33;21;16m⠁[38;2;57;40;28m⢀[38;2;75;56;42m⢈[38;2;97;75;60m⣼[38;2;120;96;81m⣿[38;2;149;126;111m⣿[38;2;159;137;123m⣿[38;2;178;156;144m⣿[38;2;196;183;176m⣿[38;2;200;186;181m⣿[38;2;210;202;198m⣿[38;2;212;205;203m⣿[38;2;209;199;196m⣿[38;2;185;172;163m⣷[38;2;107;96;85m⣽[38;2;109;99;87m⣿[38;2;91;89;80m⡀              [39m
          [38;2;17;17;16m⢀[38;2;14;10;7m⢀[38;2;12;7;4m⠁[38;2;8;4;3m⠁[38;2;5;4;2m⠈[38;2;7;3;2m⠄[38;2;8;4;3m⢀[38;2;9;5;4m⢀⢀⢀[38;2;20;13;10m⠈[38;2;31;22;19m⢀[38;2;27;20;14m⠄[38;2;33;25;19m⠄[38;2;38;23;19m⢀[38;2;50;35;27m⢀[38;2;57;32;29m⢀[38;2;75;49;43m⢀[38;2;87;56;48m⣀[38;2;99;69;59m⣬[38;2;115;85;72m⣿[38;2;141;113;98m⣿[38;2;155;129;116m⣿[38;2;159;135;122m⣿[38;2;164;143;130m⣿[38;2;165;143;132m⣿[38;2;188;169;161m⣿[38;2;194;181;175m⣿[38;2;190;176;168m⣿[38;2;188;169;163m⣿[38;2;197;184;178m⣿[38;2;212;203;200m⣿[38;2;187;180;175m⣿[38;2;144;138;125m⣿[38;2;138;135;124m⡇              [39m
          [38;2;14;14;14m⠈[38;2;24;24;25m⠄[38;2;11;7;4m⠂[38;2;5;4;2m⠈[38;2;9;4;1m⢀[38;2;9;5;4m⠁[38;2;8;4;3m⢀⠁⢀[38;2;18;13;10m⢀[38;2;22;16;10m⢀[38;2;32;24;18m⠄[38;2;38;26;16m⢀[38;2;42;24;17m⢀[38;2;63;40;35m⢀[38;2;70;47;39m⢀[38;2;74;50;40m⢀[38;2;78;52;43m⢀[38;2;86;58;46m⠈[38;2;88;58;48m⠹[38;2;95;65;56m⣿[38;2;119;87;77m⣿[38;2;135;104;93m⣿[38;2;156;126;116m⣿[38;2;168;142;133m⣿[38;2;183;165;155m⣿[38;2;184;166;158m⣿[38;2;178;159;152m⣿[38;2;169;145;137m⣿[38;2;193;175;170m⣿[38;2;210;201;200m⣿[38;2;217;215;212m⣿[38;2;215;211;209m⣿[38;2;133;127;118m⣿[38;2;66;65;62m⠁              [39m
          [38;2;15;16;14m⢀[38;2;12;11;9m⢀[38;2;8;5;3m⠂[38;2;9;5;4m⠂[38;2;11;6;3m⠄[38;2;12;8;7m⠂[38;2;7;3;2m⠈[38;2;8;4;3m⠁[38;2;9;5;4m⠄[38;2;14;9;6m⠈[38;2;23;16;10m⠈[38;2;35;27;21m⠁[38;2;52;35;30m⢀[38;2;66;44;38m⢀[38;2;69;46;40m⢀[38;2;70;47;39m⠈[38;2;73;49;39m⠈[38;2;78;53;43m⠈[38;2;88;62;55m⢤[38;2;98;74;66m⣴[38;2;112;88;81m⣿[38;2;113;89;83m⣿[38;2;113;90;83m⣿[38;2;131;108;101m⣿[38;2;142;116;109m⣿[38;2;157;130;120m⣿[38;2;171;148;139m⣿[38;2;181;159;153m⣿[38;2;190;172;164m⣿[38;2;184;164;155m⣿[38;2;154;134;124m⣿[38;2;139;124;114m⣿[38;2;157;146;136m⣿[38;2;162;157;150m⣿               [39m
          [38;2;14;12;12m⠈[38;2;17;17;16m⠈[38;2;20;21;20m⠄[38;2;10;6;4m⢀[38;2;8;4;3m⠄⠁[38;2;6;2;1m⢀[38;2;9;4;2m⢀[38;2;10;6;5m⠈[38;2;11;6;3m⢀[38;2;21;14;11m⢀[38;2;31;21;16m⢀[38;2;67;46;39m⢀[38;2;71;46;39m⠄[38;2;66;44;38m⠈⢀[38;2;66;45;40m⠄[38;2;69;48;42m⢀[38;2;88;63;56m⢈[38;2;96;75;66m⣻[38;2;116;96;86m⣿[38;2;116;97;86m⣾[38;2;112;93;81m⣭[38;2;85;67;56m⠅[38;2;86;60;54m⠛[38;2;98;71;61m⡛[38;2;103;70;62m⠻[38;2;171;138;126m⣿[38;2;186;164;154m⣿[38;2;122;93;81m⡟[38;2;113;88;79m⠻[38;2;142;123;117m⣿[38;2;147;122;109m⣿[38;2;190;179;173m⣿               [39m
            [38;2;9;8;6m⠈[38;2;7;5;3m⠄[38;2;48;28;27m⢀[38;2;35;21;17m⢀[38;2;13;5;4m⠄[38;2;10;4;1m⢀[38;2;11;6;3m⠁[38;2;12;7;4m⠁[38;2;22;14;11m⠈[38;2;35;24;19m⢀[38;2;70;49;42m⠈[38;2;73;49;42m⠂[38;2;70;47;39m⠄[38;2;81;56;48m⢀[38;2;86;62;54m⣴[38;2;96;70;62m⣿[38;2;102;75;68m⠟[38;2;106;80;74m⠉[38;2;96;73;67m⣬[38;2;122;108;105m⣽[38;2;131;113;104m⣿[38;2;97;68;58m⡥[38;2;54;35;29m⠄[38;2;60;36;28m⠈[38;2;75;43;32m⠈[38;2;115;73;63m⠻[38;2;182;145;136m⣿[38;2;154;122;115m⣷[38;2;148;113;102m⣾[38;2;182;163;156m⣿[38;2;204;195;191m⣿[38;2;209;202;199m⣿[38;2;134;134;129m⡄              [39m
             [38;2;4;5;1m⠈[38;2;57;35;37m⠁[38;2;61;32;32m⢀[38;2;58;33;32m⠄[38;2;59;32;32m⢀[38;2;54;34;30m⢀[38;2;27;21;15m⠄[38;2;20;13;7m⠈[38;2;32;21;17m⠈[38;2;66;46;39m⠈[38;2;74;49;43m⢀[38;2;73;49;42m⠂[38;2;86;60;49m⢲[38;2;100;73;60m⣿[38;2;124;93;78m⣿[38;2;136;103;89m⣶[38;2;131;101;87m⣶[38;2;127;97;83m⣾[38;2;129;100;86m⣿[38;2;103;75;64m⣯[38;2;77;55;44m⠂[38;2;66;40;30m⢀[38;2;71;42;36m⢀[38;2;73;44;36m⢀[38;2;80;48;39m⠈[38;2;108;68;61m⢹[38;2;164;125;118m⣿[38;2;196;174;170m⣿[38;2;187;163;156m⣿[38;2;192;170;164m⣿[38;2;210;203;200m⣿[38;2;192;187;183m⣧              [39m
              [38;2;34;7;10m⠈[38;2;65;35;36m⢀[38;2;61;33;31m⠂[38;2;64;37;39m⠈[38;2;64;41;41m⠁[38;2;68;45;40m⢀[38;2;54;39;31m⠄[38;2;32;21;20m⢀[38;2;62;44;38m⢀[38;2;73;49;42m⠈[38;2;78;53;46m⠈[38;2;87;59;50m⠨[38;2;95;66;57m⣿[38;2;115;82;71m⣿[38;2;129;92;81m⣿[38;2;135;98;85m⣿[38;2;151;112;101m⣿[38;2;149;109;99m⣿[38;2;117;80;71m⣿[38;2;99;63;55m⣧[38;2;76;46;39m⠂[38;2;70;43;36m⠈[38;2;69;42;35m⠈[38;2;77;47;37m⢀[38;2;80;49;48m⢀[38;2;101;63;57m⢸[38;2;163;126;122m⣿[38;2;200;178;176m⣿[38;2;198;182;180m⣿[38;2;211;208;207m⣿[38;2;204;197;195m⣿              [39m
               [38;2;62;32;34m⠈[38;2;67;34;32m⠄[38;2;40;19;16m⢀[38;2;44;23;20m⢀[38;2;69;45;41m⠈[38;2;67;51;44m⠁[38;2;44;31;28m⠈[38;2;61;42;36m⠈[38;2;71;48;42m⠈[38;2;75;51;45m⠈[38;2;79;54;47m⠈[38;2;87;59;51m⢸[38;2;93;64;54m⡿[38;2;100;68;58m⣿[38;2;111;75;65m⣿[38;2;124;83;74m⣿[38;2;130;87;79m⣿[38;2;131;90;82m⣿[38;2;115;77;69m⣿[38;2;80;48;43m⠄[38;2;61;32;26m⠈[38;2;99;63;56m⢴[38;2;96;60;58m⣚[38;2;88;54;52m⢋[38;2;120;80;76m⣸[38;2;167;137;133m⣿[38;2;186;160;155m⣿[38;2;173;144;136m⣿[38;2;202;193;191m⣿[38;2;204;197;195m⣿              [39m
                [38;2;61;29;29m⠈[38;2;65;38;33m⠁[38;2;68;42;41m⠁[38;2;59;35;32m⠂[38;2;60;44;35m⠈[38;2;66;50;43m⠄[38;2;44;30;24m⢀[38;2;53;39;31m⠈[38;2;66;47;41m⠈[38;2;73;50;44m⠈[38;2;78;54;47m⠁[38;2;82;57;52m⠂[38;2;90;63;54m⢻[38;2;98;68;59m⣿[38;2;118;80;70m⣿[38;2;142;103;91m⣿[38;2;149;112;99m⣿[38;2;111;76;65m⣿[38;2;92;58;50m⣥[38;2;94;65;57m⣤[38;2;90;60;51m⢆[38;2;103;75;65m⣼[38;2;131;101;92m⣿[38;2;162;130;125m⣿[38;2;195;173;167m⣿[38;2;195;173;166m⣿[38;2;182;158;150m⣿[38;2;183;164;152m⣿[38;2;183;175;169m⣿              [39m
                  [38;2;51;28;26m⠈[38;2;58;33;33m⠈[38;2;62;35;34m⠂[38;2;61;45;38m⢀[38;2;43;30;24m⠈[38;2;50;38;31m⢀[38;2;54;41;36m⠁[38;2;59;40;33m⠈[38;2;64;46;40m⢀[38;2;77;58;50m⠈[38;2;79;59;50m⠑[38;2;89;65;55m⠻[38;2;124;96;83m⣿[38;2;141;112;96m⡿[38;2;102;75;60m⣛[38;2;88;66;55m⣡[38;2;85;62;53m⣰[38;2;101;72;65m⣼[38;2;108;76;71m⣿[38;2;120;82;79m⣿[38;2;143;98;97m⣿[38;2;156;109;113m⣿[38;2;177;137;141m⣿[38;2;173;139;140m⣿[38;2;170;155;149m⣿[38;2;165;149;138m⣿[38;2;159;153;145m⣿              [39m
                   [38;2;9;6;3m⠈[38;2;54;43;35m⢀[38;2;59;42;35m⠂[38;2;41;32;27m⠄[38;2;44;35;29m⠂[38;2;48;35;28m⠈[38;2;54;39;33m⠂[38;2;59;42;35m⠈[38;2;63;45;37m⠈[38;2;65;48;41m⠂[38;2;77;58;48m⠈[38;2;113;86;72m⢻[38;2;121;95;81m⣿[38;2;105;82;70m⣿[38;2;88;67;59m⡉[38;2;88;62;59m⢉[38;2;85;50;53m⠉[38;2;78;48;49m⠁[38;2;106;58;65m⣶[38;2;143;92;102m⣾[38;2;165;120;129m⣿[38;2;190;157;167m⣿[38;2;205;188;190m⣿[38;2;171;154;149m⣿[38;2;150;137;126m⣿[38;2;133;127;119m⡿              [39m
                    [38;2;52;41;33m⠈[38;2;62;43;38m⠂[38;2;37;27;20m⠄[38;2;35;27;24m⢀[38;2;37;30;24m⠁[38;2;40;31;26m⢀[38;2;49;36;30m⠈[38;2;55;39;34m⠁[38;2;63;47;40m⠁[38;2;66;49;40m⠈[38;2;90;68;57m⠸[38;2;107;85;72m⠿[38;2;102;81;68m⢿[38;2;99;75;65m⣿[38;2;101;76;66m⣦[38;2;92;65;57m⣬[38;2;98;73;65m⣿[38;2;121;96;89m⣿[38;2;138;116;110m⣿[38;2;155;135;129m⣿[38;2;179;163;158m⣿[38;2;200;189;187m⣿[38;2;176;166;160m⣿[38;2;131;120;107m⣿[38;2;109;105;96m⠇              [39m
                    [38;2;8;6;4m⢀[38;2;61;44;38m⠈[38;2;57;41;31m⠂[38;2;33;24;21m⠈[38;2;34;25;22m⠈[38;2;37;29;23m⠁[38;2;36;27;22m⠂[38;2;42;29;26m⠁[38;2;42;27;24m⠈[38;2;49;33;29m⠁[38;2;56;40;32m⠈[38;2;65;48;40m⠈[38;2;53;39;31m⠂[38;2;82;64;55m⠸[38;2;101;83;74m⢿[38;2;116;97;87m⣿[38;2;105;82;74m⣿[38;2;116;91;84m⣿[38;2;133;106;100m⣿[38;2;148;122;118m⣿[38;2;170;150;146m⣿[38;2;184;172;169m⣿[38;2;149;137;130m⣿[38;2;123;112;104m⣿               [39m
                   [38;2;1;7;11m⢀[38;2;12;10;8m⢀[38;2;56;42;35m⠈[38;2;57;40;33m⠁[38;2;50;38;32m⢀[38;2;32;25;22m⢀[38;2;26;19;16m⠈[38;2;37;29;27m⢀[38;2;35;26;22m⠈[38;2;44;33;30m⠂[38;2;41;31;29m⠄[38;2;38;27;23m⠁[38;2;30;21;17m⠂[38;2;38;24;18m⠈[38;2;44;30;22m⠈[38;2;71;58;49m⠈[38;2;82;67;58m⠉[38;2;85;70;62m⠣[38;2;96;76;68m⢻[38;2;131;108;102m⣿[38;2;139;122;116m⣿[38;2;124;109;103m⣿[38;2;150;137;132m⣿[38;2;160;150;142m⣿[38;2;110;102;95m⡟               [39m
                  [38;2;3;8;14m⢀[38;2;2;6;12m⠈[38;2;3;4;11m⢀[38;2;51;39;32m⠈[38;2;55;40;32m⠈[38;2;53;39;32m⢀[38;2;48;36;30m⠄[38;2;48;35;29m⠄[38;2;35;27;23m⠈[38;2;48;38;34m⢀[38;2;47;35;32m⢀[38;2;52;44;40m⢀[38;2;42;33;30m⠁[38;2;38;29;25m⢀[38;2;41;30;28m⠄[38;2;42;32;30m⠄[38;2;59;49;42m⢀[38;2;55;44;38m⠄[38;2;82;68;60m⢸[38;2;89;74;66m⣿[38;2;106;94;86m⣿[38;2;105;96;87m⣿[38;2;114;106;97m⡿[38;2;113;105;98m⠿[38;2;118;112;105m⠛                [39m
                 [38;2;5;5;13m⢀[38;2;4;5;13m⠄[38;2;2;5;12m⠁[38;2;3;3;11m⠈[38;2;4;3;9m⠂[38;2;34;23;18m⠈[38;2;52;39;30m⠈[38;2;53;40;31m⠁[38;2;55;42;36m⠂[38;2;61;46;41m⢀[38;2;62;48;43m⢀[38;2;55;44;40m⠁[38;2;57;43;40m⠄[38;2;53;41;38m⠄[38;2;55;42;39m⠄[38;2;77;64;60m⣠[38;2;87;78;72m⣿[38;2;108;100;92m⣿[38;2;127;125;119m⣿[38;2;142;141;136m⣿[38;2;151;150;146m⣿[38;2;132;134;132m⣿[38;2;22;32;54m⠈[38;2;31;43;63m⠁[38;2;24;33;44m⠄                 [39m
             [38;2;0;4;10m⢀[38;2;2;4;9m⢀[38;2;5;6;11m⠄[38;2;3;4;7m⠈[38;2;3;7;10m⠁[38;2;4;4;12m⠁[38;2;2;3;8m⢀[38;2;3;2;8m⢀⢀⢀[38;2;11;10;14m⠈[38;2;39;29;21m⠈[38;2;50;37;30m⠈[38;2;61;48;42m⢀[38;2;75;61;56m⢀[38;2;76;61;56m⣤[38;2;76;62;58m⣠[38;2;74;60;57m⣠[38;2;75;61;58m⣠[38;2;85;73;70m⣿[38;2;91;79;75m⣿[38;2;105;94;87m⣿[38;2;166;166;162m⣿[38;2;164;163;161m⣿[38;2;168;168;166m⣿[38;2;126;130;126m⡏[38;2;9;13;24m⠈[38;2;10;18;32m⠈[38;2;15;30;53m⠁[38;2;17;65;108m⣠[38;2;19;76;131m⣀               [39m
          [38;2;3;5;17m⢀[38;2;2;5;13m⢀[38;2;2;4;11m⢀[38;2;1;5;15m⢀[38;2;1;4;12m⢀[38;2;1;4;11m⢀[38;2;2;1;7m⢀[38;2;3;2;7m⢀⠁[38;2;3;2;8m⠈⢀⢀⢀[38;2;4;2;8m⠈[38;2;3;3;11m⠈[38;2;38;34;33m⠈[38;2;59;48;45m⠈[38;2;78;64;62m⢹[38;2;92;78;75m⣿[38;2;97;83;80m⣿[38;2;90;76;72m⣿[38;2;86;74;69m⣿[38;2;106;97;91m⣿[38;2;111;103;96m⣿[38;2;119;110;104m⣿[38;2;152;148;142m⣿[38;2;163;162;159m⣿[38;2;156;156;154m⣿[38;2;72;76;70m⡇[38;2;6;6;13m⠈[38;2;9;13;24m⠈[38;2;11;13;29m⠁[38;2;16;67;111m⠈[38;2;15;77;133m⢿[38;2;11;69;123m⡛[38;2;14;69;124m⢲[38;2;12;66;114m⠤[38;2;16;66;111m⣤[38;2;17;63;108m⣀          [39m
       [38;2;5;7;19m⢀[38;2;5;15;28m⢀[38;2;4;12;27m⢀[38;2;5;9;19m⠄[38;2;5;11;23m⢀[38;2;2;10;22m⢀[38;2;3;9;21m⢀[38;2;1;5;16m⠁[38;2;2;5;14m⠄[38;2;4;3;11m⠁[38;2;2;3;10m⠄[38;2;4;3;9m⢀⢀[38;2;3;2;8m⢀⢀⢀[38;2;4;3;11m⢀⢀[38;2;1;4;15m⠈[38;2;15;37;64m⠈[38;2;73;64;67m⠙[38;2;85;73;71m⢿[38;2;104;91;86m⣿[38;2;116;106;99m⣿[38;2;113;104;96m⣿[38;2;116;109;102m⣿[38;2;115;108;101m⣿[38;2;130;123;117m⣿[38;2;142;137;131m⣿[38;2;154;152;147m⣿[38;2;117;115;111m⣿[38;2;46;47;42m⠁[38;2;5;6;10m⢀[38;2;8;12;24m⢀[38;2;9;13;24m⠁[38;2;8;16;29m⠈[38;2;12;53;95m⠈[38;2;18;72;122m⠻[38;2;20;72;119m⣄[38;2;8;54;99m⢀[38;2;9;68;121m⣡[38;2;11;73;130m⣴[38;2;13;67;117m⡏[38;2;16;63;112m⠂[38;2;12;54;96m⠄[38;2;18;52;96m⢀      [39m
   [38;2;2;8;14m⢀[38;2;5;8;21m⢀[38;2;6;17;30m⢀[38;2;4;24;46m⢀[38;2;9;27;49m⢀[38;2;7;24;46m⢀[38;2;7;26;50m⠄[38;2;12;23;41m⠄[38;2;4;15;32m⢀[38;2;5;17;32m⢀[38;2;5;14;31m⢀[38;2;7;16;33m⠄[38;2;4;10;24m⢀[38;2;4;8;18m⠄[38;2;3;3;11m⠁[38;2;3;6;11m⢀[38;2;3;3;11m⠂⠂⠂⢀[38;2;2;5;14m⢀⢀[38;2;2;5;12m⠄[38;2;2;5;15m⢀[38;2;3;22;45m⠈[38;2;43;54;75m⠈[38;2;90;83;82m⠻[38;2;131;124;116m⣿[38;2;143;136;126m⣿[38;2;132;125;117m⣿[38;2;121;114;107m⣿[38;2;120;112;106m⣿[38;2;116;108;103m⣿[38;2;134;128;123m⣿[38;2;91;86;82m⡇[38;2;27;23;20m⠁[38;2;6;6;14m⢀[38;2;7;11;23m⠈[38;2;6;10;21m⠁⠁[38;2;4;18;41m⠈[38;2;13;39;66m⢀[38;2;22;72;121m⠙[38;2;21;68;110m⠧[38;2;13;77;136m⣿[38;2;10;75;131m⣿[38;2;13;66;116m⠁[38;2;5;46;85m⠁[38;2;6;37;66m⠈[38;2;10;60;103m⠈[38;2;13;54;94m⠁[38;2;17;59;102m⢀[38;2;20;54;90m⢀   [39m
[38;2;6;14;25m⢀[38;2;6;9;19m⢀[38;2;6;19;36m⢀[38;2;3;27;53m⢀[38;2;12;26;45m⢀[38;2;9;27;51m⠂[38;2;8;32;60m⠂[38;2;8;28;53m⠈[38;2;2;30;62m⢀[38;2;0;25;52m⠄[38;2;6;21;48m⠄[38;2;11;27;48m⠈[38;2;6;33;62m⢀[38;2;5;21;42m⠄[38;2;5;20;42m⠄[38;2;6;22;45m⢀[38;2;4;19;38m⢀[38;2;3;16;30m⢀[38;2;2;7;14m⠈[38;2;4;7;16m⠄[38;2;2;5;14m⠁[38;2;1;4;13m⢀[38;2;2;5;14m⢀[38;2;4;6;18m⢀[38;2;4;5;17m⢀[38;2;4;6;18m⢀[38;2;2;4;16m⠈[38;2;6;9;19m⢀[38;2;9;22;41m⢀[38;2;15;55;98m⠈[38;2;97;103;110m⠘[38;2;138;141;138m⢿[38;2;139;138;132m⣿[38;2;119;116;111m⣿[38;2;93;86;81m⣿[38;2;85;74;68m⣿[38;2;113;104;100m⣿[38;2;62;54;51m⠁[38;2;23;15;13m⠂[38;2;6;6;16m⠈[38;2;7;11;20m⠈[38;2;6;10;19m⠄[38;2;5;9;21m⢀[38;2;7;15;25m⠂[38;2;31;56;90m⢀[38;2;12;50;93m⢀[38;2;4;21;42m⠄[38;2;16;69;117m⠹[38;2;9;67;119m⠇[38;2;8;42;75m⠁[38;2;5;28;54m⢀[38;2;9;45;79m⢀[38;2;14;60;107m⢈[38;2;18;70;119m⣴[38;2;18;74;127m⣾[38;2;19;64;114m⠃[38;2;25;71;125m⢱[38;2;26;68;110m⣤ [39m
[38;2;14;22;40m⠄[38;2;4;17;37m⠄[38;2;9;22;39m⠂[38;2;7;30;55m⠁[38;2;4;23;45m⢀[38;2;2;32;62m⢀[38;2;5;34;66m⢀[38;2;2;35;69m⠂[38;2;6;35;67m⠁[38;2;1;30;59m⢀[38;2;7;43;78m⢀[38;2;5;39;74m⠄[38;2;10;39;69m⠁[38;2;1;26;56m⠄[38;2;1;23;51m⢀[38;2;6;22;45m⠈[38;2;4;24;48m⠄[38;2;4;20;43m⢀[38;2;5;17;38m⠂[38;2;6;8;21m⠈[38;2;4;6;18m⠄[38;2;2;5;14m⢀[38;2;4;6;18m⠄[38;2;3;5;17m⠈[38;2;4;6;18m⠁[38;2;21;35;52m⢀[38;2;6;20;35m⠄[38;2;15;33;49m⠂[38;2;25;39;56m⠁[38;2;2;1;6m⢀[38;2;4;0;6m⠈[38;2;41;60;97m⠈[38;2;94;107;117m⢻[38;2;124;119;114m⣿[38;2;104;96;91m⣿[38;2;86;77;72m⣿[38;2;95;88;84m⡟[38;2;49;40;35m⠁[38;2;5;17;34m⢀[38;2;5;16;29m⢀[38;2;4;6;17m⠄[38;2;5;8;17m⠈[38;2;17;54;90m⢀[38;2;9;59;105m⢀[38;2;21;48;90m⠂[38;2;10;51;91m⠈[38;2;16;61;110m⠃[38;2;12;46;84m⠈[38;2;7;33;63m⠁[38;2;2;30;54m⢀[38;2;9;54;100m⢀[38;2;14;61;105m⢄[38;2;16;73;126m⣾[38;2;20;78;133m⣿[38;2;19;73;125m⡟[38;2;13;56;96m⠁[38;2;21;72;122m⢹[38;2;31;91;150m⣿[38;2;19;70;117m⡆[39m
[38;2;4;24;50m⠁[38;2;5;12;30m⠁[38;2;4;11;26m⠁[38;2;6;19;38m⠄[38;2;3;31;63m⢀[38;2;2;35;65m⠈[38;2;5;34;66m⠈[38;2;6;31;61m⢀[38;2;5;30;60m⢀[38;2;2;36;66m⠂[38;2;6;39;77m⠈[38;2;6;30;65m⢀[38;2;6;33;63m⠈[38;2;5;35;63m⢀[38;2;4;34;62m⢀[38;2;6;29;61m⢀[38;2;4;28;57m⢀[38;2;3;25;50m⠄[38;2;1;20;45m⠄[38;2;6;13;24m⠈[38;2;4;12;28m⠄[38;2;2;9;21m⢀[38;2;4;24;44m⢀[38;2;20;33;51m⠄[38;2;17;28;52m⠂[38;2;8;24;40m⠁[38;2;3;9;20m⢀[38;2;1;6;15m⢀[38;2;1;5;13m⢀[38;2;4;3;10m⠁[38;2;4;3;9m⠁[38;2;1;4;11m⢀[38;2;6;11;19m⠈[38;2;54;80;110m⠫[38;2;74;91;113m⠩[38;2;45;77;106m⣭[38;2;31;69;107m⡄[38;2;7;10;23m⠈[38;2;25;60;98m⢀[38;2;20;64;108m⣠[38;2;18;70;116m⣠[38;2;10;54;93m⠦[38;2;17;64;113m⠶[38;2;18;62;111m⠐[38;2;13;64;114m⠒[38;2;12;58;108m⠁[38;2;6;46;82m⠁[38;2;6;41;78m⢀[38;2;13;58;100m⢀[38;2;14;62;106m⢀[38;2;16;64;110m⢌[38;2;18;70;120m⣿[38;2;17;77;130m⣿[38;2;17;75;127m⣿[38;2;18;64;110m⠁[38;2;18;68;113m⣠[38;2;24;83;138m⣾[38;2;33;95;155m⣿[38;2;15;66;114m⠃[39m
[38;2;4;4;13m⠈[38;2;3;8;20m⢀[38;2;6;14;33m⠈[38;2;6;30;61m⠈[38;2;12;40;69m⢀[38;2;1;28;57m⠈[38;2;4;33;65m⢀[38;2;8;36;65m⠈[38;2;6;34;64m⠈[38;2;4;32;64m⠁[38;2;6;31;59m⠁[38;2;5;31;61m⢀[38;2;4;31;60m⢀[38;2;4;31;61m⢀[38;2;7;35;64m⠄[38;2;5;28;56m⠄[38;2;3;32;58m⠄[38;2;4;28;56m⢀[38;2;3;27;55m⢀[38;2;3;26;53m⢀[38;2;4;26;54m⢀[38;2;14;31;48m⠁[38;2;5;29;58m⢀[38;2;3;32;60m⢀[38;2;8;37;63m⢀[38;2;6;33;60m⢀[38;2;7;35;64m⢀[38;2;8;36;66m⢀[38;2;5;33;64m⢀[38;2;4;36;68m⢀[38;2;2;41;74m⢀[38;2;6;45;82m⢀[38;2;4;47;86m⢀[38;2;5;49;88m⢀[38;2;7;46;83m⠄[38;2;2;41;77m⠄[38;2;4;4;13m⠄[38;2;22;53;88m⢀[38;2;13;59;98m⠈[38;2;14;60;106m⡛[38;2;14;63;110m⠃[38;2;10;62;110m⠁[38;2;8;60;109m⠁[38;2;6;47;86m⠁[38;2;7;52;92m⢀[38;2;14;63;106m⢀[38;2;16;65;113m⣠[38;2;13;64;109m⣥[38;2;15;67;114m⣴[38;2;16;69;118m⣾[38;2;15;71;121m⣿[38;2;17;77;129m⣿[38;2;15;76;128m⣿[38;2;12;70;118m⡏[38;2;14;67;117m⢰[38;2;20;77;129m⣿[38;2;26;93;154m⣿[38;2;26;93;152m⣿[38;2;16;69;118m⡏[39m
[38;2;3;3;11m⠈[38;2;2;5;16m⢀[38;2;7;14;27m⠈[38;2;3;29;54m⠈[38;2;6;29;60m⠈[38;2;12;39;66m⠂[38;2;4;33;65m⠈[38;2;6;35;65m⠈[38;2;4;32;62m⠈[38;2;5;33;64m⢀[38;2;8;37;68m⠁[38;2;4;34;67m⠁[38;2;7;35;67m⠂[38;2;5;37;67m⠄[38;2;3;34;65m⠄[38;2;7;35;66m⠁⠈[38;2;5;36;71m⠄[38;2;8;40;75m⢀[38;2;4;38;73m⢀[38;2;9;43;76m⢀[38;2;10;49;87m⢀[38;2;7;49;87m⠄[38;2;7;46;83m⠄[38;2;7;41;78m⢀[38;2;4;42;79m⢀[38;2;5;43;77m⠄[38;2;8;45;83m⠈[38;2;7;43;78m⠂[38;2;5;44;82m⠁[38;2;8;54;90m⠈[38;2;9;55;92m⠁[38;2;6;51;92m⠁[38;2;8;53;95m⠂[38;2;5;47;85m⠁[38;2;4;51;96m⢀[38;2;16;67;116m⡀[38;2;21;73;121m⣴[38;2;16;69;114m⣶[38;2;8;41;74m⠁[38;2;8;47;86m⠂[38;2;11;58;102m⢀[38;2;9;62;108m⢀[38;2;15;64;114m⣠[38;2;13;66;112m⣥[38;2;15;71;118m⣾[38;2;13;68;117m⡿[38;2;13;66;114m⡛[38;2;15;66;113m⠋[38;2;14;66;113m⠸[38;2;16;73;124m⣿[38;2;18;78;131m⣿[38;2;13;73;124m⡿[38;2;12;68;116m⣣[38;2;15;75;129m⣾[38;2;19;82;139m⣿[38;2;23;94;157m⣿[38;2;24;87;144m⣿[38;2;23;83;139m⣷[39m
[38;2;2;2;10m⠁[38;2;2;6;19m⢀[38;2;3;10;27m⠄[38;2;7;26;49m⠈[38;2;3;29;53m⢀[38;2;9;48;86m⠂[38;2;14;41;68m⠂[38;2;3;34;65m⢀[38;2;6;33;63m⠄[38;2;7;32;62m⢀[38;2;3;31;61m⠁[38;2;8;36;66m⠈[38;2;6;32;62m⠄[38;2;4;30;59m⠈[38;2;5;31;61m⠁[38;2;6;36;65m⠁[38;2;8;35;64m⠈[38;2;8;35;63m⠁[38;2;11;47;84m⢀[38;2;7;43;80m⠂[38;2;10;43;76m⠈[38;2;7;43;79m⠈[38;2;11;54;94m⠁[38;2;11;54;95m⠄[38;2;8;47;85m⠄[38;2;6;46;82m⠈[38;2;5;49;88m⢀[38;2;7;45;82m⠄[38;2;7;41;76m⠄[38;2;3;33;64m⠁[38;2;7;41;75m⠈[38;2;8;45;81m⠈[38;2;6;49;88m⠈[38;2;5;49;89m⠁[38;2;9;52;90m⠈[38;2;7;54;97m⠈[38;2;17;71;119m⢧[38;2;20;77;129m⢻[38;2;18;79;132m⣿[38;2;18;74;123m⣆[38;2;4;40;79m⠈[38;2;12;60;103m⢀[38;2;14;67;115m⣨[38;2;15;71;120m⣿[38;2;13;68;115m⢿[38;2;14;69;117m⠟[38;2;11;66;113m⠇[38;2;9;59;106m⠁[38;2;9;58;102m⢀[38;2;11;70;120m⣸[38;2;18;80;133m⣿[38;2;15;76;127m⣿[38;2;12;71;121m⣱[38;2;14;74;126m⣿[38;2;16;79;135m⣿[38;2;17;86;146m⣿[38;2;20;90;152m⣿[38;2;14;77;130m⣿[38;2;19;88;147m⣿[39m
[38;2;3;2;11m⠄[38;2;5;9;24m⢀[38;2;6;15;32m⠄[38;2;2;2;9m⠁[38;2;6;33;60m⠈[38;2;3;29;55m⢀[38;2;9;45;78m⠈[38;2;7;44;80m⠄[38;2;4;34;65m⠁[38;2;4;38;73m⢀[38;2;3;34;66m⠄[38;2;3;32;64m⠄[38;2;8;36;65m⠂[38;2;9;33;61m⠈[38;2;5;29;57m⠁[38;2;5;27;58m⠈[38;2;6;30;60m⠁[38;2;7;33;63m⠈[38;2;7;42;78m⠈[38;2;6;40;78m⠁[38;2;3;31;61m⠈[38;2;7;44;80m⠈[38;2;7;48;84m⠂[38;2;10;48;88m⠈[38;2;11;51;90m⠈[38;2;8;52;91m⠈[38;2;8;51;90m⠁[38;2;6;52;91m⠂[38;2;9;55;99m⢀[38;2;8;51;93m⢀[38;2;9;47;88m⠄[38;2;7;40;76m⠄[38;2;3;31;62m⢀[38;2;6;52;93m⢀[38;2;5;43;80m⠂[38;2;4;45;85m⠈[38;2;13;64;111m⠉[38;2;24;70;112m⠞[38;2;29;85;138m⣿[38;2;22;77;129m⣿[38;2;18;67;112m⡆[38;2;12;66;112m⢰[38;2;13;73;122m⣿[38;2;15;68;116m⡟[38;2;15;65;112m⠃[38;2;10;60;104m⠈[38;2;7;58;101m⠁[38;2;5;54;96m⠄[38;2;11;64;110m⢈[38;2;13;72;122m⣻[38;2;15;79;133m⣿[38;2;12;74;125m⣿[38;2;13;75;127m⣿[38;2;14;76;130m⣿[38;2;16;82;142m⣿[38;2;17;86;145m⣿[38;2;16;82;139m⣿[38;2;8;75;128m⣿[38;2;18;86;145m⣿[39m
[38;2;5;9;21m⠄[38;2;3;8;23m⠈[38;2;5;14;30m⠁[38;2;1;0;5m⠁[38;2;4;12;24m⠈[38;2;6;25;47m⠁[38;2;10;40;70m⠈[38;2;2;22;50m⠄[38;2;3;32;65m⠈[38;2;5;39;76m⠈[38;2;5;38;75m⠁[38;2;4;38;72m⠁[38;2;3;34;63m⠈[38;2;6;37;70m⠄[38;2;4;35;68m⠄[38;2;5;35;64m⢀[38;2;3;32;62m⠄[38;2;2;26;55m⢀[38;2;6;33;63m⠈[38;2;2;33;63m⠁[38;2;1;23;50m⠈[38;2;3;27;53m⠁[38;2;0;32;64m⠈[38;2;7;43;78m⠁[38;2;5;43;80m⠁[38;2;9;44;82m⠈[38;2;22;57;93m⠂[38;2;12;47;87m⠁[38;2;9;58;101m⠈[38;2;13;61;106m⠂[38;2;10;58;101m⠂[38;2;13;61;104m⢀[38;2;16;64;110m⢀[38;2;7;52;91m⠄[38;2;6;51;93m⢀[38;2;9;56;98m⠄[38;2;5;39;70m⠈[38;2;4;51;91m⠁[38;2;27;76;121m⢿[38;2;21;74;124m⣿[38;2;21;74;122m⣷[38;2;13;71;118m⡸[38;2;13;68;115m⠋[38;2;8;58;100m⠁[38;2;8;58;98m⠁[38;2;10;58;104m⢀[38;2;7;57;101m⢀[38;2;8;62;109m⢀[38;2;10;68;115m⢘[38;2;10;69;117m⣟[38;2;15;76;129m⣿[38;2;14;76;129m⣿[38;2;12;76;128m⣿[38;2;13;78;132m⣿[38;2;15;84;143m⣿[38;2;12;80;137m⣿[38;2;8;72;126m⣿[38;2;7;73;126m⣿[38;2;16;85;144m⣿[39m
